0.15692265
0.02425834
0.02085409
0.01649806
0.01586316
0.01509805
0.01395527
0.01301801
0.01278357
0.01262132
0.01216978
0.01151581
0.01129658
0.01053097
0.01046376
0.0100046
0.00924321
0.00893955
0.00843555
0.00822377
0.00778351
0.00745135
0.00734832
0.00722546
0.00710251
0.00692736
0.00681451
0.00680726
0.00635565
0.00620281
0.00590909
0.00577252
0.00568227
0.00557781
0.00542041
0.0053766
0.00527544
0.00517617
0.00499258
0.00494506
0.00486817
0.00463176
0.00455162
0.00454819
0.00439629
0.00432954
0.00421687
0.0041851
0.00413166
0.00407745
0.00399907
0.00397631
0.00381488
0.00375373
0.00364785
0.00356461
0.00352347
0.00345045
0.00341045
0.00335304
0.00333841
0.00329366
0.00321997
0.00314115
0.00309408
0.00302496
0.00300007
0.0029665
0.00286562
0.00276727
0.00270515
0.00264957
0.00263973
0.00257126
0.00253029
0.0025144
0.00246722
0.00244115
0.00239063
0.00234951
0.00230529
0.00229332
0.00224842
0.00221957
0.0021849
0.00215658
0.002154
0.00211175
0.00208618
0.0020377
0.00199404
0.00197621
0.00196631
0.00194233
0.00192477
0.0019029
0.00189341
0.00186427
0.00183045
0.00181234
0.0017872
0.00176069
0.00173943
0.00170944
0.00169642
0.00165425
0.00164879
0.00162781
0.00160894
0.00159484
0.00156551
0.00155223
0.00152454
0.00151335
0.00150639
0.00147341
0.0014406
0.00143885
0.00142286
0.00140282
0.00139026
0.00137
0.00135575
0.0013515
0.00133171
0.00131267
0.00129366
0.00128231
0.00126692
0.0012566
0.00123824
0.00123104
0.00121125
0.00120403
0.00119055
0.00116498
0.00116155
0.00114838
0.00113266
0.0011248
0.00110915
0.00108542
0.00107565
0.00107119
0.00105148
0.00102973
0.00102655
0.001005
0.00099386
0.00098905
0.00098116
0.00096408
0.0009553
0.00094956
0.00093589
0.00092823
0.0009192
0.00091514
0.00090287
0.00089382
0.00088131
0.00087051
0.00086482
0.00085557
0.00084488
0.00083897
0.00083635
0.00081684
0.00081328
0.00080673
0.00079801
0.00079494
0.00078541
0.00077681
0.00076582
0.00075802
0.00075604
0.00075523
0.00074765
0.00074409
0.00073756
0.0007254
0.00071765
0.00071628
0.00070596